1
Oros
9310493 508313		
139.50  109.0
1940.0  16.87  1023.08
0.002422567  3.689181476 0
434153.6305	0.806237781
1      1
2   
2   1
1	199.5  5200
4   1
5   1
1   1
169.0  20   0.4   0.1  600 0.2
20   20   20  20  20  20  20  20  20  20  20  20
0.1291	0.0909	0.0716	0.0691	0.0807	0.1177	0.1505	0.1742	0.1751	0.1893	0.1719	0.1702
0.1 0.1 
2
Banabuiu
9411109		508724		
141.0  87.5
1601   0.185641   700.9
0.04419355  2.610975739 0
58215.87396	1.058352214
1    1
2
2  1
1	142.5   520
4   2
5   1
1   2
94.12  20  0.4  0.1 380 0.2
20   20   20  20  20  20  20  20  20  20  20  20
0.151	0.11	0.082	0.065	0.067	0.087	0.119	0.165	0.197	0.226	0.193	0.193
0.1  0.1
3
Pacajus
9533300	568400		
100  30	
240   34.7  211.44
49.83246928  0.824690686 0
2258729.454	0.510229973
1   1
2
2  2
1	38  5200
4   5
3   4
1   3
4   4
30  20  0.0  0.0  50  0.1
34.7    34.7  34.7  4.7  34.7  34.7 34.7    34.7  34.7  34.7  34.7  34.7
0.096	0.076	0.058	0.054	0.068	0.076	0.095	0.121	0.134	0.139	0.134	0.123
0.1  0.1
4
Pacoti
9533300	568400		
100  30	
380   21.74  244.28
49.83246928  0.824690686 0
1062394.388	0.641084443
1   1
2
2  3
1	38  5200
4   6
12   1
1   4
3   3
4   5
30  20  0.0  0.0 50 0.1 
34.7    34.7  34.7  34.7  34.7  34.7 34.7    34.7  34.7  34.7  34.7  34.7
0.096	0.076	0.058	0.054	0.068	0.076	0.095	0.121	0.134	0.139	0.134	0.123
0.1  0.1
