1
Oros Agriculture
1  3  1   1   2
5   1
3   1
0.9  20   20   10  0   31.967   3
0.5  0.9
10  15
1
0.01
2
Banabuiu Agriculture
2   3  1  1  2
5   1
3   2
0.9   20  8  20  0   28.880    3
0.5  0.9
5   7
1
0.01
3
LJA Agriculture
3   3  1  1  2
12   1
5   1
0.9   20  8 20  0   16.67    3
0.5  0.9
5   7
1
0.01
4
Canal do Trabalhador
4   5  1  1  2
3   3
5   1
0.9   20  87  20  0   10.044    3
0.5  0.9
60  75
1
0.01
5
Pacajus Pump
5   5  1  1  2
3   4
3   3
0.9   20  87  20  0   11.44    3
0.5  0.9
60  75
1
0.01
6
Fortaleza Municipal Use
6   1  1  1  2
12   1
3   4
0.9   20  87  20  0   21.906    3
0.5  0.9
60  75
1
0.01
